 22   01:12:07   1664      0   01:12:42   1071      0
 21   00:49:00   3898      0   02:09:52    752      0
 20   02:06:20   3630      0   02:43:21   2203      0
 19   02:33:41   6831      0   04:06:37   4376      0
 18   01:55:41   5254      0   02:34:44   3175      0
 17   05:39:59   5789      0   05:40:28   4946      0
 16   05:31:56  11047      0   06:06:47  10814      0
 15   00:06:54   2242      0   00:27:05   1790      0
 14   06:28:01  17734      0   06:58:57  11457      0
 13   02:48:37   8741      0   02:53:15   6520      0
 12   03:45:59  10237      0   03:57:13   3930      0
 11   08:41:44  24433      0   08:48:27  22213      0
 10   01:41:34   6895      0   02:26:53   3266      0
  9   23:41:36  48507      0   23:55:54  47813      0
  8   01:18:15  12729      0   01:59:59   8778      0
  7   03:08:21  15939      0   03:08:29  11968      0
  6   00:22:07   7344      0   00:24:07   5753      0
  5   07:22:24  32645      0   08:38:27  16922      0
  4   00:17:59   6816      0   00:46:44   7384      0
  3   01:59:16  11831      0   02:34:04  10693      0
  2   03:44:38  25010      0   04:00:37  24146      0
  1   01:06:06  14101      0   02:03:32  11613      0