21    1047   5595  **
20   11758   3968  ***
19   16978   6546  ****
18   19686   4638  ****
17   19355   1024  ****
16   30550    920  ******
15   36042   3735  ******
14   32278   6765  ******
13   34101   4770  ******
12   27335  13598  ******
11   52255   2138  *********
10   44108  15702  **********
 9   70444   1050  ***********
 8   68649  13538  ************
 7   76249   6763  ************
 6   96737   1680  ***************
 5   75294  29211  ****************
 4  122866  16588  ********************
 3  123326  18602  ********************
 2  186236   8688  ****************************
 1  219996  70259  *****************************************